id,images,danceability,energy,loudness,speechiness,instrumentalness,liveness,valence,tempo
4fouWK6XVHhzl78KzQ1UjL,https://i.scdn.co/image/ab67616d0000b27302d82cf34fefe6736718acd1,0.695,0.54,-5.692,0.0493,0.0,0.367,0.415,121.932
3USxtqRwSYz57Ewm6wWRMp,https://i.scdn.co/image/ab67616d0000b273712701c5e263efc8726b1464,0.761,0.525,-6.9,0.0944,6.7e-06,0.0921,0.531,80.87
5HCyWlXZPP0y6Gqq8TgA20,https://i.scdn.co/image/ab67616d0000b27341e31d6ea1d493dd77933ee5,0.591,0.764,-5.484,0.0483,0.0,0.103,0.478,169.928
1nH2PkJL1XoUq8oE6tBZoU,https://i.scdn.co/image/ab67616d0000b2734ab2520c2c77a1d66b9ee21d,0.735,0.795,-6.523,0.113,3.18e-05,0.0678,0.905,122.0
6zSpb8dQRaw0M1dK8PBwQz,https://i.scdn.co/image/ab67616d0000b2739f5cce8304c42d3a5463fd23,0.796,0.798,-6.312,0.0317,4.19e-05,0.0952,0.942,116.032
6bQfNiqyCX7UaQSvVVGo4I,https://i.scdn.co/image/ab67616d0000b273469407300636945a5eb2d9ed,0.788,0.859,-2.724,0.0856,0.0,0.0424,0.822,141.02
0gplL1WMoJ6iYaPgMCL0gX,https://i.scdn.co/image/ab67616d0000b27350dba34377a595e35f81b0e4,0.604,0.366,-7.519,0.0282,0.0,0.133,0.13,141.981
2Xr1dTzJee307rmrkt8c0g,https://i.scdn.co/image/ab67616d0000b273405fdad252857e01dbced96a,0.727,0.739,-3.805,0.0411,0.00137,0.161,0.533,93.005
27NovPIUIRrOZoCHxABJwK,https://i.scdn.co/image/ab67616d0000b273ba26678947112dff3c3158bf,0.736,0.704,-7.409,0.0615,0.0,0.0501,0.894,149.995
1SOClUWhOi8vHZYMz3GluK,https://i.scdn.co/image/ab67616d0000b273a9897f65d1ead1be10a51e3f,0.671,0.673,-6.941,0.0444,5.29e-05,0.304,0.494,121.963
2SLwbpExuoBDZBpjfefCtV,https://i.scdn.co/image/ab67616d0000b2734ab2520c2c77a1d66b9ee21d,0.65,0.76,-4.422,0.0446,0.0,0.339,0.838,93.057
5dPz35akJjPqb17yeqNwqH,https://i.scdn.co/image/ab67616d0000b2736036cfd2a718036fc523855f,0.604,0.741,-5.571,0.0475,3.49e-05,0.409,0.473,153.947
20on25jryn53hWghthWWW3,https://i.scdn.co/image/ab67616d0000b27384d413b195aac8a69cc6e5c6,0.854,0.806,-8.262,0.0886,0.0542,0.0703,0.637,124.927
6Uj1ctrBOjOas8xZXGqKk4,https://i.scdn.co/image/ab67616d0000b2734df3245f26298a1579ecc321,0.824,0.764,-4.175,0.0854,0.00294,0.117,0.881,107.998
5S9Zs5g9lTWnLIboN1pdlU,https://i.scdn.co/image/ab67616d0000b2737904dbff5b1dac889cdff376,0.603,0.473,-7.23,0.0511,0.0,0.31,0.446,109.494
1r9xUipOqoNwggBpENDsvJ,https://i.scdn.co/image/ab67616d0000b273aa597e50829169e6994eb403,0.728,0.783,-4.424,0.266,0.0,0.434,0.555,77.011
3FeVmId7tL5YN8B7R3imoM,https://i.scdn.co/image/ab67616d0000b273f60a9b7e2abafc38da31f575,0.588,0.701,-6.39,0.0402,0.0,0.2,0.443,104.988
00Blm7zeNqgYLPtW6zg8cj,https://i.scdn.co/image/ab67616d0000b2734158fe41143182ec16ead070,0.687,0.781,-4.806,0.053,0.0,0.0755,0.688,97.014
0lEjxUUlKqjqXrVlIHFduD,https://i.scdn.co/image/ab67616d0000b273c9fe7f7818e58b590afbd383,0.828,0.591,-6.217,0.109,0.000323,0.361,0.202,119.251
5fwSHlTEWpluwOM0Sxnh5k,https://i.scdn.co/image/ab67616d0000b2734239a6aa89738d8f798168ad,0.762,0.766,-3.955,0.0343,6.98e-05,0.128,0.442,130.001
6PQ88X9TkUIAUIZJHW2upE,https://i.scdn.co/image/ab67616d0000b2734e03a288fd79707055759f9c,0.808,0.897,-3.712,0.0348,3.14e-05,0.364,0.591,126.026
3Kkjo3cT83cw09VJyrLNwX,https://i.scdn.co/image/ab67616d0000b273c6b577e4c4a6d326354a89f7,0.534,0.725,-3.906,0.046,0.0,0.0264,0.55,88.098
3nOz1U41SZZ0N3fuUWr9nb,https://i.scdn.co/image/ab67616d0000b273d4e10cba96b669683d0f8069,0.646,0.471,-9.247,0.157,0.0,0.125,0.455,170.084
3uUuGVFu1V7jTQL60S1r8z,https://i.scdn.co/image/ab67616d0000b2738d7a7f1855b04104ba59c18b,0.671,0.636,-8.117,0.103,0.000411,0.172,0.262,120.966
18asYwWugKjjsihZ0YvRxO,https://i.scdn.co/image/ab67616d0000b2736b64f7a7e0e7af3d604ab41e,0.754,0.763,-4.627,0.0435,2.23e-05,0.0901,0.464,117.953
3Vi5XqYrmQgOYBajMWSvCi,https://i.scdn.co/image/ab67616d0000b2734df3245f26298a1579ecc321,0.664,0.609,-6.509,0.0707,0.0,0.0926,0.194,130.041
5dXWFMwD7I7zXsInONVl0H,https://i.scdn.co/image/ab67616d0000b2732cb5c3a1013e6be7084da957,0.535,0.388,-9.805,0.155,0.0,0.11,0.412,106.703
4iN16F8JtVxG2UTzp3avGl,https://i.scdn.co/image/ab67616d0000b273ca1fa2ec5795f48e610dc058,0.627,0.618,-8.529,0.0437,0.0,0.351,0.848,82.03
0e8nrvls4Qqv5Rfa2UhqmO,https://i.scdn.co/image/ab67616d0000b273be82673b5f79d9658ec0a9fd,0.737,0.846,-4.51,0.22,0.0,0.0486,0.546,87.981
4A8cWXxKfIL3lAyUDzXbCF,https://i.scdn.co/image/ab67616d0000b2735340631eca6f127d094545c9,0.825,0.414,-6.634,0.144,0.0,0.357,0.106,72.993
3s1KwrLP0NlFWiWbjz6bfQ,https://i.scdn.co/image/ab67616d0000b2731c4c28299e3b188a72d07ed8,0.956,0.417,-7.892,0.0926,0.00071,0.0782,0.714,108.015
32BeYxKPrig1LefHsC0Xuo,https://i.scdn.co/image/ab67616d0000b27331aa3ebe23f59778bff800c9,0.334,0.599,-5.742,0.0365,0.000392,0.205,0.127,161.74
2KnLkZ3z7PO3kgVGHGqDpD,https://i.scdn.co/image/ab67616d0000b27372355b30dde4b6ded10ef48c,0.398,0.286,-11.881,0.033,0.000146,0.0912,0.0666,78.262
0hYFc3HSZHDaDzquLVRwBH,https://i.scdn.co/image/ab67616d0000b273691644896f0e24b77d294983,0.744,0.648,-11.819,0.35,0.00614,0.109,0.387,144.036
6f5ExP43esnvdKPddwKXJH,https://i.scdn.co/image/ab67616d0000b2736b742298f7f36717855c4caf,0.717,0.671,-5.077,0.0337,2.54e-06,0.0921,0.699,110.054
0eu4C55hL6x29mmeAjytzC,https://i.scdn.co/image/ab67616d0000b2731c5a484110522f2b9c7038cc,0.7,0.49,-5.187,0.076,0.0,0.117,0.569,79.982
5TMLavqGRKNxgzMBrVpC9R,https://i.scdn.co/image/ab67616d0000b273545c930fa9fada545b01f71d,0.748,0.761,-6.621,0.102,6.56e-06,0.0984,0.362,116.041
748mdHapucXQri7IAO8yFK,https://i.scdn.co/image/ab67616d0000b273908280d9807127e185b71d56,0.762,0.701,-3.541,0.0286,0.000158,0.123,0.742,110.968
07MDkzWARZaLEdKxo6yArG,https://i.scdn.co/image/ab67616d0000b273024ea7e883a713a3ad552a71,0.773,0.47,-7.93,0.0299,0.000193,0.0851,0.399,94.995
7hU3IHwjX150XLoTVmjD0q,https://i.scdn.co/image/ab67616d0000b273330f11fb125bb80b760f9e19,0.831,0.554,-9.998,0.218,6.12e-05,0.152,0.396,140.026
3eJH2nAjvNXdmPfBkALiPZ,https://i.scdn.co/image/ab67616d0000b2738544aa5ba43894b7103ec757,0.774,0.792,-4.021,0.0523,0.0,0.155,0.507,122.062
3BZEcbdtXQSo7OrvKRJ6mb,https://i.scdn.co/image/ab67616d0000b273ddb9cf14094fa5b3f8683b14,0.61,0.508,-6.682,0.152,0.0,0.384,0.758,178.818
6PERP62TejQjgHu81OHxgM,https://i.scdn.co/image/ab67616d0000b273670ec029374e082f921f9f74,0.556,0.661,-5.052,0.204,0.0,0.101,0.668,168.56
3Wrjm47oTz2sjIgck11l5e,https://i.scdn.co/image/ab67616d0000b273fa0ab3a28b5c52d8a5f97045,0.714,0.8,-4.808,0.0504,0.0,0.359,0.589,134.002
6dmXZ9B5HdFAyzHeTneYBK,https://i.scdn.co/image/ab67616d0000b273123631afea1a0c8ed83229c8,0.77,0.302,-7.911,0.0466,3.38e-05,0.125,0.821,136.01
15HMh4yxdf4wyxSZSlOgGZ,https://i.scdn.co/image/ab67616d0000b2734252bf8f93dbbac190af5b51,0.859,0.525,-8.051,0.0592,2.34e-05,0.108,0.312,110.066
08SB2OtZkaliju77WYEKxk,https://i.scdn.co/image/ab67616d0000b273cd4fbef085542cb698fd598c,0.707,0.618,-5.825,0.19,0.0,0.293,0.517,133.876
2gQPv5jvVPqU2a9HhMNO1v,https://i.scdn.co/image/ab67616d0000b27382a18aa0d3374049c6b78f6a,0.594,0.612,-6.627,0.363,0.0,0.461,0.687,179.629
2EBnvom1dTybtm75a3Xh1T,https://i.scdn.co/image/ab67616d0000b273886ff9882f35c82d652a9cf5,0.508,0.378,-7.158,0.0473,0.0,0.119,0.161,144.962
6w8ZPYdnGajyfPddTWdthN,https://i.scdn.co/image/ab67616d0000b273c6b577e4c4a6d326354a89f7,0.703,0.68,-6.118,0.0431,0.0,0.178,0.536,97.985
